sent=70865 KB rate=28.345999999999997 Mbps
received=70865 KB rate=23.85826075246075 Mbps