sent=106162 KB rate=42.464800000000004 Mbps
received=106162 KB rate=38.030449220855914 Mbps